3110202501171280155200120010050000001241234567811
3110202501171280155200120010050000001271234567816
3110202501171280155200120010050000001331234567819
3110202501171280155200120010050000001311234567818
3110202501171280155200120010050000001251234567815
3110202501171280155200120010050000001341234567814
3110202501171280155200120010050000001301234567812
3110202501171280155200120010050000001261234567810
3110202501171280155200120010050000001281234567811
3110202501171280155200120010050000001321234567813
3110202501171280155200120010050000001291234567817
3110202501171280155200120010050000001231234567814
